{
 "cells": [
  {
   "cell_type": "code",
   "execution_count": 1,
   "id": "b73f25a8-de7d-404a-bf8f-82e06d55b2fa",
   "metadata": {},
   "outputs": [],
   "source": [
    "from project1 import *\n",
    "import numpy as np\n",
    "\n",
    "np.set_printoptions(precision=6,linewidth=200,suppress=True)"
   ]
  },
  {
   "cell_type": "markdown",
   "id": "cf73b5c6-e3f0-42fc-b435-701036130ef8",
   "metadata": {},
   "source": [
    "# n12 = 2"
   ]
  },
  {
   "cell_type": "code",
   "execution_count": 2,
   "id": "3c24a7c7-d5c4-4fca-948d-7aadece8c31f",
   "metadata": {},
   "outputs": [
    {
     "name": "stdout",
     "output_type": "stream",
     "text": [
      "States: [[1, 1, 0]]\n",
      "\n",
      "Total number of states: 1\n",
      "\n",
      "Minimized E = -2.847656   for eta = 1.185185\n",
      "\n",
      "Results:  E = -2.847656 ,  eta = 1.18519 \n",
      "Reference optimized values from the book:   E_ref = -2.847656  ,  eta_ref = 1.18519  ,  dE = 0.0000002\n"
     ]
    }
   ],
   "source": [
    "n12 = 2\n",
    "\n",
    "cc2 = Configurations(n12, Z=2)#, eta=1.185185)\n",
    "E_opt, eta_opt = cc2.optimize_eta()\n",
    "E = cc2.get_energy()"
   ]
  },
  {
   "cell_type": "code",
   "execution_count": 3,
   "id": "b90e0c42-1e95-4fa2-8a0b-23b7de13077d",
   "metadata": {},
   "outputs": [
    {
     "data": {
      "text/plain": [
       "array([[1.]])"
      ]
     },
     "execution_count": 3,
     "metadata": {},
     "output_type": "execute_result"
    }
   ],
   "source": [
    "cc2.overlap"
   ]
  },
  {
   "cell_type": "code",
   "execution_count": 4,
   "id": "95590750-0796-48a9-b321-96cba75aae97",
   "metadata": {},
   "outputs": [
    {
     "data": {
      "text/plain": [
       "array([[-1.]])"
      ]
     },
     "execution_count": 4,
     "metadata": {},
     "output_type": "execute_result"
    }
   ],
   "source": [
    "cc2.hamiltonian"
   ]
  },
  {
   "cell_type": "code",
   "execution_count": 5,
   "id": "e3400ade-80b2-4c59-a8ce-367bee8675dd",
   "metadata": {},
   "outputs": [
    {
     "data": {
      "text/plain": [
       "array([[-1.37037]])"
      ]
     },
     "execution_count": 5,
     "metadata": {},
     "output_type": "execute_result"
    }
   ],
   "source": [
    "cc2.hamiltonian0"
   ]
  },
  {
   "cell_type": "code",
   "execution_count": 6,
   "id": "2700745e-e6d6-4d9f-89ef-f7cd2c44ce5f",
   "metadata": {},
   "outputs": [
    {
     "data": {
      "text/plain": [
       "array([[0.37037]])"
      ]
     },
     "execution_count": 6,
     "metadata": {},
     "output_type": "execute_result"
    }
   ],
   "source": [
    "cc2.hamiltonianW"
   ]
  },
  {
   "cell_type": "code",
   "execution_count": 7,
   "id": "1d65c0b3-c889-4630-8b21-4e42b33bf688",
   "metadata": {},
   "outputs": [
    {
     "data": {
      "text/plain": [
       "array([-2.847656])"
      ]
     },
     "execution_count": 7,
     "metadata": {},
     "output_type": "execute_result"
    }
   ],
   "source": [
    "cc2.eigenvalues"
   ]
  },
  {
   "cell_type": "markdown",
   "id": "42938107-7f5c-4720-bf88-8f36f3689437",
   "metadata": {},
   "source": [
    "# n12 = 3"
   ]
  },
  {
   "cell_type": "code",
   "execution_count": 8,
   "id": "8f38378c-49db-49f7-85fb-a14f8ae32475",
   "metadata": {},
   "outputs": [
    {
     "name": "stdout",
     "output_type": "stream",
     "text": [
      "States: [[1, 1, 0], [1, 2, 0]]\n",
      "\n",
      "Total number of states: 2\n",
      "\n",
      "Minimized E = -2.847656   for eta = 1.185181\n",
      "\n",
      "Results:  E = -2.847656 ,  eta = 1.18518 \n",
      "Reference optimized values from the book:   E_ref = -2.847656  ,  eta_ref = 1.18519  ,  dE = 0.0000002\n"
     ]
    }
   ],
   "source": [
    "n12 = 3\n",
    "\n",
    "cc3 = Configurations(n12, Z=2)#, eta=1.185)\n",
    "E_opt, eta_opt = cc3.optimize_eta()\n",
    "E = cc3.get_energy()"
   ]
  },
  {
   "cell_type": "code",
   "execution_count": 9,
   "id": "d54d8ceb-5ae6-473c-a112-14f594bb235e",
   "metadata": {},
   "outputs": [
    {
     "data": {
      "text/plain": [
       "array([[ 1.      , -0.707107],\n",
       "       [-0.707107,  1.25    ]])"
      ]
     },
     "execution_count": 9,
     "metadata": {},
     "output_type": "execute_result"
    }
   ],
   "source": [
    "cc3.overlap"
   ]
  },
  {
   "cell_type": "code",
   "execution_count": 10,
   "id": "77a1611d-9d49-4ab6-b9f9-38d51ba21fd1",
   "metadata": {},
   "outputs": [
    {
     "data": {
      "text/plain": [
       "array([[-1.370362,  0.838049],\n",
       "       [ 0.838049, -1.027771]])"
      ]
     },
     "execution_count": 10,
     "metadata": {},
     "output_type": "execute_result"
    }
   ],
   "source": [
    "cc3.hamiltonian0"
   ]
  },
  {
   "cell_type": "code",
   "execution_count": 11,
   "id": "c06da3a1-42ab-4d3c-a929-79c1aee209c1",
   "metadata": {},
   "outputs": [
    {
     "data": {
      "text/plain": [
       "array([[ 0.370369, -0.130945],\n",
       "       [-0.130945,  0.277777]])"
      ]
     },
     "execution_count": 11,
     "metadata": {},
     "output_type": "execute_result"
    }
   ],
   "source": [
    "cc3.hamiltonianW"
   ]
  },
  {
   "cell_type": "code",
   "execution_count": 12,
   "id": "d79e10e9-129b-41bd-b4a6-58322cd04292",
   "metadata": {},
   "outputs": [
    {
     "data": {
      "text/plain": [
       "array([-2.847656, -0.949205])"
      ]
     },
     "execution_count": 12,
     "metadata": {},
     "output_type": "execute_result"
    }
   ],
   "source": [
    "cc3.eigenvalues"
   ]
  },
  {
   "cell_type": "markdown",
   "id": "ec7272a0-8987-47fa-8d40-679820eae88c",
   "metadata": {},
   "source": [
    "# n12 = 4"
   ]
  },
  {
   "cell_type": "code",
   "execution_count": 19,
   "id": "0ff6b470-58c8-4394-b520-adccfa982b67",
   "metadata": {},
   "outputs": [
    {
     "name": "stdout",
     "output_type": "stream",
     "text": [
      "States: [[1, 1, 0], [1, 2, 0], [1, 3, 0], [2, 2, 0], [2, 2, 1]]\n",
      "\n",
      "Total number of states: 5\n",
      "ETA: 0.971\n",
      "\n",
      "Results:  E = -2.895444 ,  eta = 0.97100 \n",
      "Reference optimized values from the book:   E_ref = -2.895444  ,  eta_ref = 0.97100  ,  dE = 0.0000005\n"
     ]
    }
   ],
   "source": [
    "n12 = 4\n",
    "\n",
    "cc4 = Configurations(n12, Z=2,eta=0.971)\n",
    "#E_opt, eta_opt = cc4.optimize_eta()\n",
    "E = cc4.get_energy()"
   ]
  },
  {
   "cell_type": "code",
   "execution_count": 20,
   "id": "908b41bc-74bd-458e-aa8b-d7b2c6fec698",
   "metadata": {},
   "outputs": [
    {
     "data": {
      "text/plain": [
       "array([[ 1.      , -0.707107,  0.      ,  0.5     ,  0.      ],\n",
       "       [-0.707107,  1.25    , -0.612372, -1.414214,  0.      ],\n",
       "       [ 0.      , -0.612372,  1.5     ,  0.866025,  0.      ],\n",
       "       [ 0.5     , -1.414214,  0.866025,  4.      ,  0.      ],\n",
       "       [ 0.      ,  0.      ,  0.      ,  0.      ,  4.      ]])"
      ]
     },
     "execution_count": 20,
     "metadata": {},
     "output_type": "execute_result"
    }
   ],
   "source": [
    "cc4.overlap"
   ]
  },
  {
   "cell_type": "code",
   "execution_count": 21,
   "id": "58cf9f20-19b2-4df3-8c88-bfb3d5c9aecc",
   "metadata": {},
   "outputs": [
    {
     "data": {
      "text/plain": [
       "array([[-0.942   ,  0.686601,  0.      , -0.5     ,  0.      ],\n",
       "       [ 0.686601, -0.7065  ,  0.594614,  0.686601,  0.      ],\n",
       "       [ 0.      ,  0.594614, -0.442   , -0.866025,  0.      ],\n",
       "       [-0.5     ,  0.686601, -0.866025,  0.116   ,  0.      ],\n",
       "       [ 0.      ,  0.      ,  0.      ,  0.      ,  0.116   ]])"
      ]
     },
     "execution_count": 21,
     "metadata": {},
     "output_type": "execute_result"
    }
   ],
   "source": [
    "cc4.hamiltonian0 "
   ]
  },
  {
   "cell_type": "code",
   "execution_count": 22,
   "id": "6e3beae7-7b66-498c-b07a-1a3de4c31ca3",
   "metadata": {},
   "outputs": [
    {
     "data": {
      "text/plain": [
       "array([[-15.072   ,  10.985611,   0.      ,  -8.      ,   0.      ],\n",
       "       [ 10.985611, -11.304   ,   9.513818,  10.985611,   0.      ],\n",
       "       [  0.      ,   9.513818,  -7.072   , -13.856406,   0.      ],\n",
       "       [ -8.      ,  10.985611, -13.856406,   1.856   ,   0.      ],\n",
       "       [  0.      ,   0.      ,   0.      ,   0.      ,   1.856   ]])"
      ]
     },
     "execution_count": 22,
     "metadata": {},
     "output_type": "execute_result"
    }
   ],
   "source": [
    "cc4.hamiltonian0 * 16"
   ]
  },
  {
   "cell_type": "code",
   "execution_count": 23,
   "id": "25f0aa77-5b84-4be8-bd73-b7e76bc0c903",
   "metadata": {},
   "outputs": [
    {
     "data": {
      "text/plain": [
       "array([[ 4.855008, -1.716505, -0.840912,  1.456502, -1.962128],\n",
       "       [-1.716505,  3.641256, -0.594615, -3.261359,  2.081151],\n",
       "       [-0.840912, -0.594615,  3.27713 ,  1.471596,  0.121375],\n",
       "       [ 1.456502, -3.261359,  1.471596,  9.34589 , -3.15342 ],\n",
       "       [-1.962128,  2.081151,  0.121375, -3.15342 , 13.472647]])"
      ]
     },
     "execution_count": 23,
     "metadata": {},
     "output_type": "execute_result"
    }
   ],
   "source": [
    "cc4.hamiltonianW * 4.8550 / 0.303437"
   ]
  },
  {
   "cell_type": "code",
   "execution_count": 24,
   "id": "519e5e55-9565-4ee7-aa26-b982f121db2b",
   "metadata": {},
   "outputs": [
    {
     "data": {
      "text/plain": [
       "array([-2.895444, -1.432852,  1.018445,  2.431065,  4.524314])"
      ]
     },
     "execution_count": 24,
     "metadata": {},
     "output_type": "execute_result"
    }
   ],
   "source": [
    "cc4.eigenvalues"
   ]
  },
  {
   "cell_type": "markdown",
   "id": "2ef132d0-0acf-474c-b789-6961454a2420",
   "metadata": {},
   "source": [
    "# n12 = 5"
   ]
  },
  {
   "cell_type": "code",
   "execution_count": 25,
   "id": "30270396-fea4-4633-9d60-eac435b696f6",
   "metadata": {},
   "outputs": [
    {
     "name": "stdout",
     "output_type": "stream",
     "text": [
      "States: [[1, 1, 0], [1, 2, 0], [1, 3, 0], [1, 4, 0], [2, 2, 0], [2, 2, 1], [2, 3, 0], [2, 3, 1]]\n",
      "\n",
      "Total number of states: 8\n",
      "ETA: 0.94\n",
      "\n",
      "Results:  E = -2.904778 ,  eta = 0.94000 \n",
      "Reference optimized values from the book:   E_ref = -2.897109  ,  eta_ref = 0.94000  ,  dE = 0.0076690\n"
     ]
    }
   ],
   "source": [
    "n = 5\n",
    "\n",
    "cc5 = Configurations(n, Z=2, eta=0.940)\n",
    "#E_opt, eta_opt = cc5.optimize_eta()\n",
    "E = cc5.get_energy()"
   ]
  },
  {
   "cell_type": "code",
   "execution_count": 26,
   "id": "80af155d-8694-47cc-875f-c16ddb21a176",
   "metadata": {},
   "outputs": [
    {
     "data": {
      "text/plain": [
       "array([[ 1.      , -0.707107,  0.      ,  0.      ,  0.5     ,  0.      ,  0.      ,  0.      ],\n",
       "       [-0.707107,  1.25    , -0.612372,  0.      , -1.414214,  0.      ,  0.433013,  0.      ],\n",
       "       [ 0.      , -0.612372,  1.5     , -0.866025,  0.866025,  0.      , -1.06066 ,  0.      ],\n",
       "       [ 0.      ,  0.      , -0.866025,  2.      ,  0.      ,  0.      ,  0.612372,  0.      ],\n",
       "       [ 0.5     , -1.414214,  0.866025,  0.      ,  4.      ,  0.      , -2.44949 ,  0.      ],\n",
       "       [ 0.      ,  0.      ,  0.      ,  0.      ,  0.      ,  4.      ,  0.      , -2.      ],\n",
       "       [ 0.      ,  0.433013, -1.06066 ,  0.612372, -2.44949 ,  0.      ,  3.75    ,  0.      ],\n",
       "       [ 0.      ,  0.      ,  0.      ,  0.      ,  0.      , -2.      ,  0.      ,  3.5     ]])"
      ]
     },
     "execution_count": 26,
     "metadata": {},
     "output_type": "execute_result"
    }
   ],
   "source": [
    "cc5.overlap"
   ]
  },
  {
   "cell_type": "code",
   "execution_count": 27,
   "id": "c096623b-b971-4379-861c-8a6d7be28c27",
   "metadata": {},
   "outputs": [
    {
     "data": {
      "text/plain": [
       "array([[-0.88    ,  0.66468 ,  0.      ,  0.      , -0.5     ,  0.      ,  0.      ,  0.      ],\n",
       "       [ 0.66468 , -0.66    ,  0.57563 ,  0.      ,  0.66468 ,  0.      , -0.433013,  0.      ],\n",
       "       [ 0.      ,  0.57563 , -0.38    ,  0.814064, -0.866025,  0.      ,  0.33234 ,  0.      ],\n",
       "       [ 0.      ,  0.      ,  0.814064, -0.35    ,  0.      ,  0.      , -0.612372,  0.      ],\n",
       "       [-0.5     ,  0.66468 , -0.866025,  0.      ,  0.24    ,  0.      ,  1.15126 ,  0.      ],\n",
       "       [ 0.      ,  0.      ,  0.      ,  0.      ,  0.      ,  0.24    ,  0.      ,  0.94    ],\n",
       "       [ 0.      , -0.433013,  0.33234 , -0.612372,  1.15126 ,  0.      , -0.1     ,  0.      ],\n",
       "       [ 0.      ,  0.      ,  0.      ,  0.      ,  0.      ,  0.94    ,  0.      ,  0.15    ]])"
      ]
     },
     "execution_count": 27,
     "metadata": {},
     "output_type": "execute_result"
    }
   ],
   "source": [
    "cc5.hamiltonian0"
   ]
  },
  {
   "cell_type": "code",
   "execution_count": 28,
   "id": "4aeb58de-25a0-42ca-8fd8-4ae6f332e1af",
   "metadata": {},
   "outputs": [
    {
     "data": {
      "text/plain": [
       "array([[ 0.29375 , -0.103856, -0.050879, -0.022031,  0.088125, -0.118718,  0.017988, -0.029679],\n",
       "       [-0.103856,  0.220312, -0.035977, -0.031157, -0.197327,  0.125919,  0.025439, -0.041973],\n",
       "       [-0.050879, -0.035977,  0.198281, -0.034979,  0.089038,  0.007344, -0.116838,  0.075273],\n",
       "       [-0.022031, -0.031157, -0.034979,  0.199199,  0.038555, -0.01802 ,  0.04722 ,  0.01537 ],\n",
       "       [ 0.088125, -0.197327,  0.089038,  0.038555,  0.565469, -0.190796, -0.229353,  0.136737],\n",
       "       [-0.118718,  0.125919,  0.007344, -0.01802 , -0.190796,  0.815156,  0.038946, -0.203789],\n",
       "       [ 0.071954, -0.031799, -0.132417,  0.060711, -0.121422, -0.054525,  0.380039, -0.110347],\n",
       "       [-0.029679, -0.041973,  0.075273,  0.01537 ,  0.136737, -0.203789, -0.133715,  0.509473]])"
      ]
     },
     "execution_count": 28,
     "metadata": {},
     "output_type": "execute_result"
    }
   ],
   "source": [
    "cc5.hamiltonianW"
   ]
  },
  {
   "cell_type": "code",
   "execution_count": 29,
   "id": "909a8562-249a-4ffc-8beb-3a6b109d6b26",
   "metadata": {},
   "outputs": [
    {
     "data": {
      "text/plain": [
       "array([-2.904778, -1.842498, -0.070346,  0.207621,  0.558194,  4.130179,  8.682971, 11.448476])"
      ]
     },
     "execution_count": 29,
     "metadata": {},
     "output_type": "execute_result"
    }
   ],
   "source": [
    "cc5.eigenvalues"
   ]
  },
  {
   "cell_type": "markdown",
   "id": "b0ba93ef-1046-4c37-9a41-62ac9f109dcc",
   "metadata": {},
   "source": [
    "# n12 = 6"
   ]
  },
  {
   "cell_type": "code",
   "execution_count": 30,
   "id": "91025be1-588f-4d2b-8cc2-9a7fe50339e2",
   "metadata": {},
   "outputs": [
    {
     "name": "stdout",
     "output_type": "stream",
     "text": [
      "States: [[1, 1, 0], [1, 2, 0], [1, 3, 0], [1, 4, 0], [1, 5, 0], [2, 2, 0], [2, 2, 1], [2, 3, 0], [2, 3, 1], [2, 4, 0], [2, 4, 1], [3, 3, 0], [3, 3, 1], [3, 3, 2]]\n",
      "\n",
      "Total number of states: 14\n",
      "ETA: 0.796\n",
      "\n",
      "Results:  E = -2.925969 ,  eta = 0.79600 \n",
      "Reference optimized values from the book:   E_ref = -2.900714  ,  eta_ref = 0.79600  ,  dE = 0.0252545\n"
     ]
    }
   ],
   "source": [
    "n = 6\n",
    "\n",
    "cc6 = Configurations(n, Z=2, eta=0.796)\n",
    "#E_opt, eta_opt = cc6.optimize_eta()\n",
    "E = cc6.get_energy()"
   ]
  },
  {
   "cell_type": "code",
   "execution_count": 31,
   "id": "753fd682-4322-413d-ba36-c340c39269ee",
   "metadata": {},
   "outputs": [
    {
     "data": {
      "text/plain": [
       "array([[ 1.      , -0.707107,  0.      ,  0.      ,  0.      ,  0.5     ,  0.      ,  0.      ,  0.      ,  0.      ,  0.      ,  0.      ,  0.      ,  0.      ],\n",
       "       [-0.707107,  1.25    , -0.612372,  0.      ,  0.      , -1.414214,  0.      ,  0.433013,  0.      ,  0.      ,  0.      ,  0.      ,  0.      ,  0.      ],\n",
       "       [ 0.      , -0.612372,  1.5     , -0.866025,  0.      ,  0.866025,  0.      , -1.06066 ,  0.      ,  0.612372,  0.      ,  0.      ,  0.      ,  0.      ],\n",
       "       [ 0.      ,  0.      , -0.866025,  2.      , -1.118034,  0.      ,  0.      ,  0.612372,  0.      , -1.414214,  0.      ,  0.      ,  0.      ,  0.      ],\n",
       "       [ 0.      ,  0.      ,  0.      , -1.118034,  2.5     ,  0.      ,  0.      ,  0.      ,  0.      ,  0.790569,  0.      ,  0.      ,  0.      ,  0.      ],\n",
       "       [ 0.5     , -1.414214,  0.866025,  0.      ,  0.      ,  4.      ,  0.      , -2.44949 ,  0.      ,  0.      ,  0.      ,  1.5     ,  0.      ,  0.      ],\n",
       "       [ 0.      ,  0.      ,  0.      ,  0.      ,  0.      ,  0.      ,  4.      ,  0.      , -2.      ,  0.      ,  0.      ,  0.      ,  1.      ,  0.      ],\n",
       "       [ 0.      ,  0.433013, -1.06066 ,  0.612372,  0.      , -2.44949 ,  0.      ,  3.75    ,  0.      , -1.732051,  0.      , -3.674235,  0.      ,  0.      ],\n",
       "       [ 0.      ,  0.      ,  0.      ,  0.      ,  0.      ,  0.      , -2.      ,  0.      ,  3.5     ,  0.      , -1.581139,  0.      , -3.      ,  0.      ],\n",
       "       [ 0.      ,  0.      ,  0.612372, -1.414214,  0.790569,  0.      ,  0.      , -1.732051,  0.      ,  4.      ,  0.      ,  2.12132 ,  0.      ,  0.      ],\n",
       "       [ 0.      ,  0.      ,  0.      ,  0.      ,  0.      ,  0.      ,  0.      ,  0.      , -1.581139,  0.      ,  4.      ,  0.      ,  1.581139,  0.      ],\n",
       "       [ 0.      ,  0.      ,  0.      ,  0.      ,  0.      ,  1.5     ,  0.      , -3.674235,  0.      ,  2.12132 ,  0.      ,  9.      ,  0.      ,  0.      ],\n",
       "       [ 0.      ,  0.      ,  0.      ,  0.      ,  0.      ,  0.      ,  1.      ,  0.      , -3.      ,  0.      ,  1.581139,  0.      ,  9.      ,  0.      ],\n",
       "       [ 0.      ,  0.      ,  0.      ,  0.      ,  0.      ,  0.      ,  0.      ,  0.      ,  0.      ,  0.      ,  0.      ,  0.      ,  0.      ,  9.      ]])"
      ]
     },
     "execution_count": 31,
     "metadata": {},
     "output_type": "execute_result"
    }
   ],
   "source": [
    "cc6.overlap"
   ]
  },
  {
   "cell_type": "code",
   "execution_count": 32,
   "id": "99283c8f-6082-4f83-9da4-d07dbf2bc52d",
   "metadata": {},
   "outputs": [
    {
     "data": {
      "text/plain": [
       "array([[-0.592   ,  0.562857,  0.      ,  0.      ,  0.      , -0.5     ,  0.      ,  0.      ,  0.      ,  0.      ,  0.      ,  0.      ,  0.      ,  0.      ],\n",
       "       [ 0.562857, -0.444   ,  0.487448,  0.      ,  0.      ,  0.562857,  0.      , -0.433013,  0.      ,  0.      ,  0.      ,  0.      ,  0.      ,  0.      ],\n",
       "       [ 0.      ,  0.487448, -0.092   ,  0.689356,  0.      , -0.866025,  0.      ,  0.281428,  0.      , -0.612372,  0.      ,  0.      ,  0.      ,  0.      ],\n",
       "       [ 0.      ,  0.      ,  0.689356,  0.01    ,  0.889955,  0.      ,  0.      , -0.612372,  0.      ,  0.281428,  0.      ,  0.      ,  0.      ,  0.      ],\n",
       "       [ 0.      ,  0.      ,  0.      ,  0.889955,  0.112   ,  0.      ,  0.      ,  0.      ,  0.      , -0.790569,  0.      ,  0.      ,  0.      ,  0.      ],\n",
       "       [-0.5     ,  0.562857, -0.866025,  0.      ,  0.      ,  0.816   ,  0.      ,  0.974897,  0.      ,  0.      ,  0.      , -1.5     ,  0.      ,  0.      ],\n",
       "       [ 0.      ,  0.      ,  0.      ,  0.      ,  0.      ,  0.      ,  0.816   ,  0.      ,  0.796   ,  0.      ,  0.      ,  0.      , -1.      ,  0.      ],\n",
       "       [ 0.      , -0.433013,  0.281428, -0.612372,  0.      ,  0.974897,  0.      ,  0.26    ,  0.      ,  0.689356,  0.      ,  0.974897,  0.      ,  0.      ],\n",
       "       [ 0.      ,  0.      ,  0.      ,  0.      ,  0.      ,  0.      ,  0.796   ,  0.      ,  0.51    ,  0.      ,  0.629293,  0.      ,  0.796   ,  0.      ],\n",
       "       [ 0.      ,  0.      , -0.612372,  0.281428, -0.790569,  0.      ,  0.      ,  0.689356,  0.      ,  1.612   ,  0.      , -2.12132 ,  0.      ,  0.      ],\n",
       "       [ 0.      ,  0.      ,  0.      ,  0.      ,  0.      ,  0.      ,  0.      ,  0.      ,  0.629293,  0.      ,  1.612   ,  0.      , -1.581139,  0.      ],\n",
       "       [ 0.      ,  0.      ,  0.      ,  0.      ,  0.      , -1.5     ,  0.      ,  0.974897,  0.      , -2.12132 ,  0.      ,  4.224   ,  0.      ,  0.      ],\n",
       "       [ 0.      ,  0.      ,  0.      ,  0.      ,  0.      ,  0.      , -1.      ,  0.      ,  0.796   ,  0.      , -1.581139,  0.      ,  4.224   ,  0.      ],\n",
       "       [ 0.      ,  0.      ,  0.      ,  0.      ,  0.      ,  0.      ,  0.      ,  0.      ,  0.      ,  0.      ,  0.      ,  0.      ,  0.      ,  4.224   ]])"
      ]
     },
     "execution_count": 32,
     "metadata": {},
     "output_type": "execute_result"
    }
   ],
   "source": [
    "cc6.hamiltonian0"
   ]
  },
  {
   "cell_type": "code",
   "execution_count": 33,
   "id": "f5c3a1db-ba91-46b4-9d3c-26b2ec6413c0",
   "metadata": {},
   "outputs": [
    {
     "data": {
      "text/plain": [
       "array([[ 0.24875 , -0.087946, -0.043085, -0.018656, -0.006953,  0.074625, -0.100531,  0.015233, -0.025133, -0.004397,  0.003406,  0.018656, -0.030518,  0.037545],\n",
       "       [-0.087946,  0.186562, -0.030466, -0.026384, -0.017207, -0.167098,  0.106629,  0.021542, -0.035543,  0.017102, -0.034121, -0.006596,  0.018406, -0.066371],\n",
       "       [-0.043085, -0.030466,  0.167906, -0.029621, -0.024085,  0.075398,  0.006219, -0.09894 ,  0.063742,  0.030466, -0.015732, -0.021542, -0.018656,  0.024085],\n",
       "       [-0.018656, -0.026384, -0.029621,  0.168684, -0.027811,  0.032648, -0.015259,  0.039986,  0.013015, -0.103887,  0.05237 , -0.009328,  0.021094,  0.015644],\n",
       "       [-0.006953, -0.017207, -0.024085, -0.027811,  0.170627,  0.006953, -0.012043,  0.025546, -0.008028,  0.033185,  0.013646,  0.005215,  0.015555,  0.001166],\n",
       "       [ 0.074625, -0.167098,  0.075398,  0.032648,  0.006953,  0.478844, -0.161568, -0.194218,  0.11579 , -0.074754,  0.04428 ,  0.130594, -0.120278,  0.146008],\n",
       "       [-0.100531,  0.106629,  0.006219, -0.015259, -0.012043, -0.161568,  0.690281,  0.03298 , -0.17257 ,  0.038082, -0.100294, -0.053856,  0.158578, -0.29143 ],\n",
       "       [ 0.060931, -0.026928, -0.112132,  0.051411,  0.038319, -0.102821, -0.046172,  0.32182 , -0.093443, -0.122522,  0.078914, -0.217067,  0.118728, -0.025546],\n",
       "       [-0.025133, -0.035543,  0.063742,  0.013015, -0.008028,  0.11579 , -0.17257 , -0.113231,  0.431426, -0.005395, -0.061209,  0.080784, -0.291504,  0.218572],\n",
       "       [ 0.086847, -0.072293, -0.013329, -0.08135 ,  0.069751,  0.106635, -0.04189 , -0.106366, -0.032528,  0.20036 , -0.049726,  0.277856, -0.055774, -0.017975],\n",
       "       [ 0.003406, -0.034121, -0.015732,  0.05237 ,  0.013646,  0.04428 , -0.100294,  0.047627, -0.061209, -0.088111,  0.379188, -0.060459,  0.143803,  0.035987],\n",
       "       [ 0.037312,  0.019788, -0.064627, -0.037312,  0.010429,  0.037312, -0.021542, -0.175177,  0.      ,  0.1649  , -0.073232,  0.606328, -0.169646,  0.031287],\n",
       "       [-0.030518,  0.018406, -0.018656,  0.021094,  0.015555, -0.120278,  0.158578,  0.168198, -0.291504, -0.042207,  0.143803, -0.262548,  0.926982, -0.275474],\n",
       "       [ 0.037545, -0.066371,  0.024085,  0.015644,  0.001166,  0.146008, -0.29143 , -0.089411,  0.218572, -0.025811,  0.035987,  0.109506, -0.275474,  1.155055]])"
      ]
     },
     "execution_count": 33,
     "metadata": {},
     "output_type": "execute_result"
    }
   ],
   "source": [
    "cc6.hamiltonianW"
   ]
  },
  {
   "cell_type": "code",
   "execution_count": 34,
   "id": "d94b6e0b-9dc7-4079-b860-f50eca705ed6",
   "metadata": {},
   "outputs": [
    {
     "data": {
      "text/plain": [
       "array([-2.925969, -1.88243 , -0.406426,  0.010056,  0.439591,  2.630346,  3.5209  ,  3.869601,  5.322626,  7.024769, 11.923541, 14.174112, 25.36117 , 30.391832])"
      ]
     },
     "execution_count": 34,
     "metadata": {},
     "output_type": "execute_result"
    }
   ],
   "source": [
    "cc6.eigenvalues"
   ]
  },
  {
   "cell_type": "markdown",
   "id": "1a481cda-847d-4d2d-b887-0811dd17868f",
   "metadata": {},
   "source": [
    "# n12 = 7"
   ]
  },
  {
   "cell_type": "code",
   "execution_count": 35,
   "id": "823f3331-85fe-4719-a35a-6a9e007233f4",
   "metadata": {},
   "outputs": [
    {
     "name": "stdout",
     "output_type": "stream",
     "text": [
      "States: [[1, 1, 0], [1, 2, 0], [1, 3, 0], [1, 4, 0], [1, 5, 0], [1, 6, 0], [2, 2, 0], [2, 2, 1], [2, 3, 0], [2, 3, 1], [2, 4, 0], [2, 4, 1], [2, 5, 0], [2, 5, 1], [3, 3, 0], [3, 3, 1], [3, 3, 2], [3, 4, 0], [3, 4, 1], [3, 4, 2]]\n",
      "\n",
      "Total number of states: 20\n",
      "ETA: 0.76\n",
      "\n",
      "Results:  E = -2.950597 ,  eta = 0.76000 \n",
      "Reference optimized values from the book:   E_ref = -2.901452  ,  eta_ref = 0.76000  ,  dE = 0.0491450\n"
     ]
    }
   ],
   "source": [
    "n = 7\n",
    "\n",
    "cc7 = Configurations(n, Z=2, eta=0.760)\n",
    "#E_opt, eta_opt = cc.optimize_eta()\n",
    "E = cc7.get_energy()"
   ]
  },
  {
   "cell_type": "code",
   "execution_count": 36,
   "id": "157a5954-82a0-428e-b21f-a73eb247e2f1",
   "metadata": {},
   "outputs": [
    {
     "data": {
      "text/plain": [
       "array([[ 1.      , -0.707107,  0.      ,  0.      ,  0.      ,  0.      ,  0.5     ,  0.      ,  0.      ,  0.      ,  0.      ,  0.      ,  0.      ,  0.      ,  0.      ,  0.      ,  0.      ,\n",
       "         0.      ,  0.      ,  0.      ],\n",
       "       [-0.707107,  1.25    , -0.612372,  0.      ,  0.      ,  0.      , -1.414214,  0.      ,  0.433013,  0.      ,  0.      ,  0.      ,  0.      ,  0.      ,  0.      ,  0.      ,  0.      ,\n",
       "         0.      ,  0.      ,  0.      ],\n",
       "       [ 0.      , -0.612372,  1.5     , -0.866025,  0.      ,  0.      ,  0.866025,  0.      , -1.06066 ,  0.      ,  0.612372,  0.      ,  0.      ,  0.      ,  0.      ,  0.      ,  0.      ,\n",
       "         0.      ,  0.      ,  0.      ],\n",
       "       [ 0.      ,  0.      , -0.866025,  2.      , -1.118034,  0.      ,  0.      ,  0.      ,  0.612372,  0.      , -1.414214,  0.      ,  0.790569,  0.      ,  0.      ,  0.      ,  0.      ,\n",
       "         0.      ,  0.      ,  0.      ],\n",
       "       [ 0.      ,  0.      ,  0.      , -1.118034,  2.5     , -1.369306,  0.      ,  0.      ,  0.      ,  0.      ,  0.790569,  0.      , -1.767767,  0.      ,  0.      ,  0.      ,  0.      ,\n",
       "         0.      ,  0.      ,  0.      ],\n",
       "       [ 0.      ,  0.      ,  0.      ,  0.      , -1.369306,  3.      ,  0.      ,  0.      ,  0.      ,  0.      ,  0.      ,  0.      ,  0.968246,  0.      ,  0.      ,  0.      ,  0.      ,\n",
       "         0.      ,  0.      ,  0.      ],\n",
       "       [ 0.5     , -1.414214,  0.866025,  0.      ,  0.      ,  0.      ,  4.      ,  0.      , -2.44949 ,  0.      ,  0.      ,  0.      ,  0.      ,  0.      ,  1.5     ,  0.      ,  0.      ,\n",
       "         0.      ,  0.      ,  0.      ],\n",
       "       [ 0.      ,  0.      ,  0.      ,  0.      ,  0.      ,  0.      ,  0.      ,  4.      ,  0.      , -2.      ,  0.      ,  0.      ,  0.      ,  0.      ,  0.      ,  1.      ,  0.      ,\n",
       "         0.      ,  0.      ,  0.      ],\n",
       "       [ 0.      ,  0.433013, -1.06066 ,  0.612372,  0.      ,  0.      , -2.44949 ,  0.      ,  3.75    ,  0.      , -1.732051,  0.      ,  0.      ,  0.      , -3.674235,  0.      ,  0.      ,\n",
       "         1.06066 ,  0.      ,  0.      ],\n",
       "       [ 0.      ,  0.      ,  0.      ,  0.      ,  0.      ,  0.      ,  0.      , -2.      ,  0.      ,  3.5     ,  0.      , -1.581139,  0.      ,  0.      ,  0.      , -3.      ,  0.      ,\n",
       "         0.      ,  0.790569,  0.      ],\n",
       "       [ 0.      ,  0.      ,  0.612372, -1.414214,  0.790569,  0.      ,  0.      ,  0.      , -1.732051,  0.      ,  4.      ,  0.      , -2.236068,  0.      ,  2.12132 ,  0.      ,  0.      ,\n",
       "        -2.44949 ,  0.      ,  0.      ],\n",
       "       [ 0.      ,  0.      ,  0.      ,  0.      ,  0.      ,  0.      ,  0.      ,  0.      ,  0.      , -1.581139,  0.      ,  4.      ,  0.      , -2.12132 ,  0.      ,  1.581139,  0.      ,\n",
       "         0.      , -2.      ,  0.      ],\n",
       "       [ 0.      ,  0.      ,  0.      ,  0.790569, -1.767767,  0.968246,  0.      ,  0.      ,  0.      ,  0.      , -2.236068,  0.      ,  5.      ,  0.      ,  0.      ,  0.      ,  0.      ,\n",
       "         1.369306,  0.      ,  0.      ],\n",
       "       [ 0.      ,  0.      ,  0.      ,  0.      ,  0.      ,  0.      ,  0.      ,  0.      ,  0.      ,  0.      ,  0.      , -2.12132 ,  0.      ,  5.      ,  0.      ,  0.      ,  0.      ,\n",
       "         0.      ,  1.06066 ,  0.      ],\n",
       "       [ 0.      ,  0.      ,  0.      ,  0.      ,  0.      ,  0.      ,  1.5     ,  0.      , -3.674235,  0.      ,  2.12132 ,  0.      ,  0.      ,  0.      ,  9.      ,  0.      ,  0.      ,\n",
       "        -5.196152,  0.      ,  0.      ],\n",
       "       [ 0.      ,  0.      ,  0.      ,  0.      ,  0.      ,  0.      ,  0.      ,  1.      ,  0.      , -3.      ,  0.      ,  1.581139,  0.      ,  0.      ,  0.      ,  9.      ,  0.      ,\n",
       "         0.      , -4.743416,  0.      ],\n",
       "       [ 0.      ,  0.      ,  0.      ,  0.      ,  0.      ,  0.      ,  0.      ,  0.      ,  0.      ,  0.      ,  0.      ,  0.      ,  0.      ,  0.      ,  0.      ,  0.      ,  9.      ,\n",
       "         0.      ,  0.      , -3.674235],\n",
       "       [ 0.      ,  0.      ,  0.      ,  0.      ,  0.      ,  0.      ,  0.      ,  0.      ,  1.06066 ,  0.      , -2.44949 ,  0.      ,  1.369306,  0.      , -5.196152,  0.      ,  0.      ,\n",
       "         7.5     ,  0.      ,  0.      ],\n",
       "       [ 0.      ,  0.      ,  0.      ,  0.      ,  0.      ,  0.      ,  0.      ,  0.      ,  0.      ,  0.790569,  0.      , -2.      ,  0.      ,  1.06066 ,  0.      , -4.743416,  0.      ,\n",
       "         0.      ,  7.25    ,  0.      ],\n",
       "       [ 0.      ,  0.      ,  0.      ,  0.      ,  0.      ,  0.      ,  0.      ,  0.      ,  0.      ,  0.      ,  0.      ,  0.      ,  0.      ,  0.      ,  0.      ,  0.      , -3.674235,\n",
       "         0.      ,  0.      ,  6.75    ]])"
      ]
     },
     "execution_count": 36,
     "metadata": {},
     "output_type": "execute_result"
    }
   ],
   "source": [
    "cc7.overlap"
   ]
  },
  {
   "cell_type": "code",
   "execution_count": 37,
   "id": "54f62566-f5c5-4499-8bd3-8aaed72af189",
   "metadata": {},
   "outputs": [
    {
     "data": {
      "text/plain": [
       "array([[-0.52    ,  0.537401,  0.      ,  0.      ,  0.      ,  0.      , -0.5     ,  0.      ,  0.      ,  0.      ,  0.      ,  0.      ,  0.      ,  0.      ,  0.      ,  0.      ,  0.      ,\n",
       "         0.      ,  0.      ,  0.      ],\n",
       "       [ 0.537401, -0.39    ,  0.465403,  0.      ,  0.      ,  0.      ,  0.537401,  0.      , -0.433013,  0.      ,  0.      ,  0.      ,  0.      ,  0.      ,  0.      ,  0.      ,  0.      ,\n",
       "         0.      ,  0.      ,  0.      ],\n",
       "       [ 0.      ,  0.465403, -0.02    ,  0.658179,  0.      ,  0.      , -0.866025,  0.      ,  0.268701,  0.      , -0.612372,  0.      ,  0.      ,  0.      ,  0.      ,  0.      ,  0.      ,\n",
       "         0.      ,  0.      ,  0.      ],\n",
       "       [ 0.      ,  0.      ,  0.658179,  0.1     ,  0.849706,  0.      ,  0.      ,  0.      , -0.612372,  0.      ,  0.268701,  0.      , -0.790569,  0.      ,  0.      ,  0.      ,  0.      ,\n",
       "         0.      ,  0.      ,  0.      ],\n",
       "       [ 0.      ,  0.      ,  0.      ,  0.849706,  0.22    ,  1.040673,  0.      ,  0.      ,  0.      ,  0.      , -0.790569,  0.      ,  0.268701,  0.      ,  0.      ,  0.      ,  0.      ,\n",
       "         0.      ,  0.      ,  0.      ],\n",
       "       [ 0.      ,  0.      ,  0.      ,  0.      ,  1.040673,  0.34    ,  0.      ,  0.      ,  0.      ,  0.      ,  0.      ,  0.      , -0.968246,  0.      ,  0.      ,  0.      ,  0.      ,\n",
       "         0.      ,  0.      ,  0.      ],\n",
       "       [-0.5     ,  0.537401, -0.866025,  0.      ,  0.      ,  0.      ,  0.96    ,  0.      ,  0.930806,  0.      ,  0.      ,  0.      ,  0.      ,  0.      , -1.5     ,  0.      ,  0.      ,\n",
       "         0.      ,  0.      ,  0.      ],\n",
       "       [ 0.      ,  0.      ,  0.      ,  0.      ,  0.      ,  0.      ,  0.      ,  0.96    ,  0.      ,  0.76    ,  0.      ,  0.      ,  0.      ,  0.      ,  0.      , -1.      ,  0.      ,\n",
       "         0.      ,  0.      ,  0.      ],\n",
       "       [ 0.      , -0.433013,  0.268701, -0.612372,  0.      ,  0.      ,  0.930806,  0.      ,  0.35    ,  0.      ,  0.658179,  0.      ,  0.      ,  0.      ,  0.930806,  0.      ,  0.      ,\n",
       "        -1.06066 ,  0.      ,  0.      ],\n",
       "       [ 0.      ,  0.      ,  0.      ,  0.      ,  0.      ,  0.      ,  0.      ,  0.76    ,  0.      ,  0.6     ,  0.      ,  0.600833,  0.      ,  0.      ,  0.      ,  0.76    ,  0.      ,\n",
       "         0.      , -0.790569,  0.      ],\n",
       "       [ 0.      ,  0.      , -0.612372,  0.268701, -0.790569,  0.      ,  0.      ,  0.      ,  0.658179,  0.      ,  1.72    ,  0.      ,  0.849706,  0.      , -2.12132 ,  0.      ,  0.      ,\n",
       "         0.465403,  0.      ,  0.      ],\n",
       "       [ 0.      ,  0.      ,  0.      ,  0.      ,  0.      ,  0.      ,  0.      ,  0.      ,  0.      ,  0.600833,  0.      ,  1.72    ,  0.      ,  0.806102,  0.      , -1.581139,  0.      ,\n",
       "         0.      ,  0.38    ,  0.      ],\n",
       "       [ 0.      ,  0.      ,  0.      , -0.790569,  0.268701, -0.968246,  0.      ,  0.      ,  0.      ,  0.      ,  0.849706,  0.      ,  2.34    ,  0.      ,  0.      ,  0.      ,  0.      ,\n",
       "        -1.369306,  0.      ,  0.      ],\n",
       "       [ 0.      ,  0.      ,  0.      ,  0.      ,  0.      ,  0.      ,  0.      ,  0.      ,  0.      ,  0.      ,  0.      ,  0.806102,  0.      ,  2.34    ,  0.      ,  0.      ,  0.      ,\n",
       "         0.      , -1.06066 ,  0.      ],\n",
       "       [ 0.      ,  0.      ,  0.      ,  0.      ,  0.      ,  0.      , -1.5     ,  0.      ,  0.930806,  0.      , -2.12132 ,  0.      ,  0.      ,  0.      ,  4.44    ,  0.      ,  0.      ,\n",
       "         1.316359,  0.      ,  0.      ],\n",
       "       [ 0.      ,  0.      ,  0.      ,  0.      ,  0.      ,  0.      ,  0.      , -1.      ,  0.      ,  0.76    ,  0.      , -1.581139,  0.      ,  0.      ,  0.      ,  4.44    ,  0.      ,\n",
       "         0.      ,  1.201666,  0.      ],\n",
       "       [ 0.      ,  0.      ,  0.      ,  0.      ,  0.      ,  0.      ,  0.      ,  0.      ,  0.      ,  0.      ,  0.      ,  0.      ,  0.      ,  0.      ,  0.      ,  0.      ,  4.44    ,\n",
       "         0.      ,  0.      ,  0.930806],\n",
       "       [ 0.      ,  0.      ,  0.      ,  0.      ,  0.      ,  0.      ,  0.      ,  0.      , -1.06066 ,  0.      ,  0.465403,  0.      , -1.369306,  0.      ,  1.316359,  0.      ,  0.      ,\n",
       "         1.84    ,  0.      ,  0.      ],\n",
       "       [ 0.      ,  0.      ,  0.      ,  0.      ,  0.      ,  0.      ,  0.      ,  0.      ,  0.      , -0.790569,  0.      ,  0.38    ,  0.      , -1.06066 ,  0.      ,  1.201666,  0.      ,\n",
       "         0.      ,  2.09    ,  0.      ],\n",
       "       [ 0.      ,  0.      ,  0.      ,  0.      ,  0.      ,  0.      ,  0.      ,  0.      ,  0.      ,  0.      ,  0.      ,  0.      ,  0.      ,  0.      ,  0.      ,  0.      ,  0.930806,\n",
       "         0.      ,  0.      ,  2.59    ]])"
      ]
     },
     "execution_count": 37,
     "metadata": {},
     "output_type": "execute_result"
    }
   ],
   "source": [
    "cc7.hamiltonian0"
   ]
  },
  {
   "cell_type": "code",
   "execution_count": 38,
   "id": "af1fb747-2c8b-4bbb-9def-644470a1bf8e",
   "metadata": {},
   "outputs": [
    {
     "data": {
      "text/plain": [
       "array([[ 0.2375  , -0.083969, -0.041136, -0.017813, -0.006638, -0.001818,  0.07125 , -0.095984,  0.014544, -0.023996, -0.004198,  0.003252, -0.007041,  0.008815,  0.017812, -0.029138,  0.035847,\n",
       "         0.007713, -0.013821,  0.021952],\n",
       "       [-0.083969,  0.178125, -0.029088, -0.025191, -0.016429, -0.008999, -0.159541,  0.101807,  0.020568, -0.033936,  0.016328, -0.032577,  0.004979, -0.013821, -0.006298,  0.017574, -0.063369,\n",
       "         0.001818, -0.000958, -0.015522],\n",
       "       [-0.041136, -0.029088,  0.160312, -0.028281, -0.022996, -0.016269,  0.071988,  0.005937, -0.094465,  0.060859,  0.029088, -0.015021,  0.018293, -0.02423 , -0.020568, -0.017813,  0.022996,\n",
       "        -0.005195,  0.00399 , -0.026991],\n",
       "       [-0.017813, -0.025191, -0.028281,  0.161055, -0.026553, -0.021816,  0.031172, -0.014569,  0.038178,  0.012427, -0.099188,  0.050001,  0.028164, -0.007665, -0.008906,  0.02014 ,  0.014936,\n",
       "        -0.010284, -0.009756,  0.016261],\n",
       "       [-0.006638, -0.016429, -0.022996, -0.026553,  0.16291 , -0.024899,  0.006638, -0.011498,  0.024391, -0.007665,  0.031685,  0.013029, -0.102731,  0.044029,  0.004979,  0.014851,  0.001113,\n",
       "        -0.006468,  0.011893,  0.013408],\n",
       "       [-0.001818, -0.008999, -0.016269, -0.021816, -0.024899,  0.164673, -0.003636, -0.005248,  0.010391, -0.010496,  0.022175, -0.004564,  0.028385,  0.013202,  0.010453,  0.001968, -0.00376 ,\n",
       "         0.000918,  0.012239,  0.00278 ],\n",
       "       [ 0.07125 , -0.159541,  0.071988,  0.031172,  0.006638, -0.003636,  0.457187, -0.154261, -0.185434,  0.110554, -0.071374,  0.042277, -0.014082, -0.006899,  0.124688, -0.114839,  0.139405,\n",
       "         0.015426, -0.010298, -0.00813 ],\n",
       "       [-0.095984,  0.101807,  0.005937, -0.014569, -0.011498, -0.005248, -0.154261,  0.659063,  0.031488, -0.164766,  0.03636 , -0.095758,  0.012195, -0.033855, -0.05142 ,  0.151406, -0.27825 ,\n",
       "        -0.007422,  0.023939, -0.056797],\n",
       "       [ 0.058175, -0.02571 , -0.10706 ,  0.049085,  0.036586,  0.015957, -0.098171, -0.044084,  0.307266, -0.089217, -0.116981,  0.075345, -0.064676,  0.052808, -0.20725 ,  0.113358, -0.024391,\n",
       "         0.047757, -0.055928,  0.088788],\n",
       "       [-0.023996, -0.033936,  0.060859,  0.012427, -0.007665, -0.010496,  0.110554, -0.164766, -0.10811 ,  0.411914, -0.005151, -0.05844 ,  0.024391, -0.067711,  0.07713 , -0.27832 ,  0.208687,\n",
       "        -0.014844,  0.047879, -0.113595],\n",
       "       [ 0.082919, -0.069023, -0.012726, -0.077671,  0.066596,  0.040654,  0.101812, -0.039996, -0.101555, -0.031057,  0.191299, -0.047477, -0.118038,  0.065144,  0.265289, -0.053252, -0.017162,\n",
       "        -0.125213,  0.071886, -0.002515],\n",
